5 5 5 6 6 6 6 6 6 6
5 5 5 5 6 6 6 6 6 6
5 5 5 5 5 5 6 6 6 6
5 5 5 5 5 5 2 2 2 6
5 5 5 5 5 5 2 2 2 2
5 5 5 5 5 5 5 2 2 2
4 5 5 5 5 5 2 2 2 2
7 5 5 5 5 5 5 2 5 5
4 0 1 5 2 5 5 5 5 5
3 0 7 3 2 2 2 5 2 2
4 3 3 0 0 0 0 2 7 1
7 1 1 3 3 3 1 4 1 1
4 0 1 0 1 4 3 7 3 0
3 0 7 3 1 4 1 0 1 7
4 3 3 0 0 0 0 4 7 1
7 1 1 3 3 3 1 4 1 1
4 0 1 0 1 4 3 7 3 0
3 0 7 3 1 4 1 0 1 7
4 3 3 0 0 0 0 4 7 1
7 1 1 3 3 3 1 4 1 1
4 0 1 0 1 4 3 7 3 0
3 0 7 3 1 4 1 0 1 7
4 3 3 0 0 0 0 4 7 1
7 1 1 3 3 3 1 4 1 1
4 0 1 0 1 4 3 7 3 0
3 0 7 3 1 4 1 0 1 7
4 3 3 0 0 0 0 4 7 1
4 0 1 0 1 4 3 7 3 0
3 0 7 3 1 4 1 0 1 7
4 3 3 0 0 0 0 4 7 1
