0.700000 1.300000 0.300000 0.700000 1.300000 0.300000 0.700000 1.300000 0.300000 1.200000 1.800000 1.400000 1.200000 1.800000 1.400000 1.200000 1.800000 1.400000 1.200000 1.800000 1.400000 1.200000 1.800000 1.400000 1.200000 1.800000 1.400000 1.200000 1.800000 1.400000
0.700000 1.300000 0.300000 0.753788 1.326894 0.380682 0.900000 1.400000 0.600000 0.700000 1.300000 0.300000 1.200000 1.800000 1.400000 1.200000 1.800000 1.400000 1.200000 1.800000 1.400000 1.200000 1.800000 1.400000 1.200000 1.800000 1.400000 1.200000 1.800000 1.400000
0.846212 1.373106 0.519318 0.900000 1.400000 0.600000 0.900000 1.400000 0.600000 0.900000 1.400000 0.600000 0.700000 1.300000 0.300000 0.890140 1.477944 0.701234 1.200000 1.800000 1.400000 1.200000 1.800000 1.400000 1.200000 1.800000 1.400000 1.200000 1.800000 1.400000
0.900000 1.400000 0.600000 0.900000 1.400000 0.600000 0.900000 1.400000 0.600000 0.900000 1.400000 0.600000 0.900000 1.400000 0.600000 0.900000 1.400000 0.600000 0.980745 1.553338 0.879270 1.014679 1.583960 0.949287 1.039575 1.606425 1.000654 1.200000 1.800000 1.400000
0.900000 1.400000 0.600000 0.900000 1.400000 0.600000 0.900000 1.400000 0.600000 0.900000 1.400000 0.600000 0.900000 1.400000 0.600000 0.900000 1.400000 0.600000 0.995623 1.553391 0.891246 1.014871 1.569890 0.929743 1.050000 1.600000 1.000000 1.050000 1.600000 1.000000
0.900000 1.400000 0.600000 0.900000 1.400000 0.600000 0.900000 1.400000 0.600000 0.900000 1.400000 0.600000 0.900000 1.400000 0.600000 0.900000 1.400000 0.600000 0.900000 1.400000 0.600000 1.013262 1.551016 0.902033 1.013262 1.551016 0.902032 1.013262 1.551016 0.902033
-0.493164 0.240967 -0.082520 0.900000 1.400000 0.600000 0.900000 1.400000 0.600000 0.900000 1.400000 0.600000 0.900000 1.400000 0.600000 0.900000 1.400000 0.600000 0.980682 1.507577 0.815153 0.980682 1.507576 0.815153 0.980682 1.507577 0.815153 0.980682 1.507576 0.815153
-0.363281 0.419678 -0.487793 0.900000 1.400000 0.600000 0.900000 1.400000 0.600000 0.900000 1.400000 0.600000 0.900000 1.400000 0.600000 0.900000 1.400000 0.600000 0.900000 1.400000 0.600000 0.954728 1.472970 0.745940 0.900000 1.400000 0.600000 0.900000 1.400000 0.600000
-0.489990 0.008545 0.046387 -0.030273 0.179932 0.338867 0.302246 -0.332520 0.082520 0.900000 1.400000 0.600000 0.933333 1.500000 0.766667 0.900000 1.400000 0.600000 0.900000 1.400000 0.600000 0.900000 1.400000 0.600000 0.900000 1.400000 0.600000 0.900000 1.400000 0.600000
-0.170166 -0.195801 0.106201 0.316895 -0.043701 0.361328 -0.233643 -0.079346 -0.341064 -0.084473 -0.492432 0.313232 0.933333 1.500000 0.766667 0.933333 1.500000 0.766667 0.933333 1.500000 0.766667 0.900000 1.400000 0.600000 0.933333 1.500000 0.766667 0.933333 1.500000 0.766667
-0.493164 0.240967 -0.082520 -0.050293 -0.429688 -0.149902 -0.292969 -0.316895 0.203125 0.029297 0.200684 0.311768 0.379395 0.142822 0.449707 0.247559 0.163574 0.093018 0.455322 0.366211 0.292236 0.933333 1.500000 0.766667 0.079102 0.390625 -0.287598 0.300781 -0.098877 -0.077148
-0.363281 0.419678 -0.487793 0.264404 -0.148193 -0.241699 0.435059 0.008301 0.097900 -0.461670 -0.320068 0.096436 -0.367432 -0.259277 0.042969 -0.075684 -0.087646 0.062988 0.232666 -0.034668 -0.274170 -0.482178 0.073242 0.156250 0.030762 -0.076904 0.037354 0.302002 -0.255615 -0.468750
-0.489990 0.008545 0.046387 -0.030273 0.179932 0.338867 0.302246 -0.332520 0.082520 0.472656 -0.107178 0.371338 0.183838 -0.391846 -0.068115 -0.380127 0.231201 0.415527 -0.321533 -0.172852 0.407959 0.065430 0.452637 -0.462646 -0.428711 -0.477051 -0.246826 0.069336 0.313965 0.357178
-0.170166 -0.195801 0.106201 0.316895 -0.043701 0.361328 -0.233643 -0.079346 -0.341064 -0.084473 -0.492432 0.313232 0.146973 -0.094482 -0.185303 -0.361328 0.196533 0.382568 0.397705 0.176758 -0.262939 0.249023 0.474121 0.497314 0.391846 -0.360596 -0.370361 -0.121826 0.220947 -0.310059
-0.493164 0.240967 -0.082520 -0.050293 -0.429688 -0.149902 -0.292969 -0.316895 0.203125 0.029297 0.200684 0.311768 0.379395 0.142822 0.449707 0.247559 0.163574 0.093018 0.455322 0.366211 0.292236 -0.418213 0.379883 0.371582 0.079102 0.390625 -0.287598 0.300781 -0.098877 -0.077148
-0.363281 0.419678 -0.487793 0.264404 -0.148193 -0.241699 0.435059 0.008301 0.097900 -0.461670 -0.320068 0.096436 -0.367432 -0.259277 0.042969 -0.075684 -0.087646 0.062988 0.232666 -0.034668 -0.274170 -0.482178 0.073242 0.156250 0.030762 -0.076904 0.037354 0.302002 -0.255615 -0.468750
-0.489990 0.008545 0.046387 -0.030273 0.179932 0.338867 0.302246 -0.332520 0.082520 0.472656 -0.107178 0.371338 0.183838 -0.391846 -0.068115 -0.380127 0.231201 0.415527 -0.321533 -0.172852 0.407959 0.065430 0.452637 -0.462646 -0.428711 -0.477051 -0.246826 0.069336 0.313965 0.357178
-0.170166 -0.195801 0.106201 0.316895 -0.043701 0.361328 -0.233643 -0.079346 -0.341064 -0.084473 -0.492432 0.313232 0.146973 -0.094482 -0.185303 -0.361328 0.196533 0.382568 0.397705 0.176758 -0.262939 0.249023 0.474121 0.497314 0.391846 -0.360596 -0.370361 -0.121826 0.220947 -0.310059
-0.493164 0.240967 -0.082520 -0.050293 -0.429688 -0.149902 -0.292969 -0.316895 0.203125 0.029297 0.200684 0.311768 0.379395 0.142822 0.449707 0.247559 0.163574 0.093018 0.455322 0.366211 0.292236 -0.418213 0.379883 0.371582 0.079102 0.390625 -0.287598 0.300781 -0.098877 -0.077148
-0.363281 0.419678 -0.487793 0.264404 -0.148193 -0.241699 0.435059 0.008301 0.097900 -0.461670 -0.320068 0.096436 -0.367432 -0.259277 0.042969 -0.075684 -0.087646 0.062988 0.232666 -0.034668 -0.274170 -0.482178 0.073242 0.156250 0.030762 -0.076904 0.037354 0.302002 -0.255615 -0.468750
-0.489990 0.008545 0.046387 -0.030273 0.179932 0.338867 0.302246 -0.332520 0.082520 0.472656 -0.107178 0.371338 0.183838 -0.391846 -0.068115 -0.380127 0.231201 0.415527 -0.321533 -0.172852 0.407959 0.065430 0.452637 -0.462646 -0.428711 -0.477051 -0.246826 0.069336 0.313965 0.357178
-0.170166 -0.195801 0.106201 0.316895 -0.043701 0.361328 -0.233643 -0.079346 -0.341064 -0.084473 -0.492432 0.313232 0.146973 -0.094482 -0.185303 -0.361328 0.196533 0.382568 0.397705 0.176758 -0.262939 0.249023 0.474121 0.497314 0.391846 -0.360596 -0.370361 -0.121826 0.220947 -0.310059
-0.493164 0.240967 -0.082520 -0.050293 -0.429688 -0.149902 -0.292969 -0.316895 0.203125 0.029297 0.200684 0.311768 0.379395 0.142822 0.449707 0.247559 0.163574 0.093018 0.455322 0.366211 0.292236 -0.418213 0.379883 0.371582 0.079102 0.390625 -0.287598 0.300781 -0.098877 -0.077148
-0.363281 0.419678 -0.487793 0.264404 -0.148193 -0.241699 0.435059 0.008301 0.097900 -0.461670 -0.320068 0.096436 -0.367432 -0.259277 0.042969 -0.075684 -0.087646 0.062988 0.232666 -0.034668 -0.274170 -0.482178 0.073242 0.156250 0.030762 -0.076904 0.037354 0.302002 -0.255615 -0.468750
-0.489990 0.008545 0.046387 -0.030273 0.179932 0.338867 0.302246 -0.332520 0.082520 0.472656 -0.107178 0.371338 0.183838 -0.391846 -0.068115 -0.380127 0.231201 0.415527 -0.321533 -0.172852 0.407959 0.065430 0.452637 -0.462646 -0.428711 -0.477051 -0.246826 0.069336 0.313965 0.357178
-0.170166 -0.195801 0.106201 0.316895 -0.043701 0.361328 -0.233643 -0.079346 -0.341064 -0.084473 -0.492432 0.313232 0.146973 -0.094482 -0.185303 -0.361328 0.196533 0.382568 0.397705 0.176758 -0.262939 0.249023 0.474121 0.497314 0.391846 -0.360596 -0.370361 -0.121826 0.220947 -0.310059
-0.493164 0.240967 -0.082520 -0.050293 -0.429688 -0.149902 -0.292969 -0.316895 0.203125 0.029297 0.200684 0.311768 0.379395 0.142822 0.449707 0.247559 0.163574 0.093018 0.455322 0.366211 0.292236 -0.418213 0.379883 0.371582 0.079102 0.390625 -0.287598 0.300781 -0.098877 -0.077148
-0.489990 0.008545 0.046387 -0.030273 0.179932 0.338867 0.302246 -0.332520 0.082520 0.472656 -0.107178 0.371338 0.183838 -0.391846 -0.068115 -0.380127 0.231201 0.415527 -0.321533 -0.172852 0.407959 0.065430 0.452637 -0.462646 -0.428711 -0.477051 -0.246826 0.069336 0.313965 0.357178
-0.170166 -0.195801 0.106201 0.316895 -0.043701 0.361328 -0.233643 -0.079346 -0.341064 -0.084473 -0.492432 0.313232 0.146973 -0.094482 -0.185303 -0.361328 0.196533 0.382568 0.397705 0.176758 -0.262939 0.249023 0.474121 0.497314 0.391846 -0.360596 -0.370361 -0.121826 0.220947 -0.310059
-0.493164 0.240967 -0.082520 -0.050293 -0.429688 -0.149902 -0.292969 -0.316895 0.203125 0.029297 0.200684 0.311768 0.379395 0.142822 0.449707 0.247559 0.163574 0.093018 0.455322 0.366211 0.292236 -0.418213 0.379883 0.371582 0.079102 0.390625 -0.287598 0.300781 -0.098877 -0.077148
