0.033543 0.094959 0.356493 0.711747 0.261534 0.000000 0.000000 0.000000 0.000000 0.000000
0.149666 0.174504 0.292429 0.630688 0.548525 0.267141 0.103683 0.000000 0.000000 0.000000
0.149666 0.093541 0.080963 0.211466 0.573792 0.533249 0.365303 0.202683 0.125620 0.094379
0.020126 0.012579 0.000000 0.046771 0.062789 0.264645 0.283714 0.237550 0.257120 0.283059
0.000000 0.000000 0.000000 0.000000 0.000000 0.083931 0.190679 0.094549 0.122315 0.143004
0.387303 0.242065 0.000000 0.000000 0.000000 0.074562 0.199338 0.104179 0.071497 0.087192
1.641529 0.483810 0.000000 0.000000 0.000000 0.031715 0.181583 0.130960 0.112052 0.142468
1.187656 1.171802 0.432591 0.262700 0.024650 0.056365 0.084942 0.138170 0.116657 0.101488
0.910448 0.862741 1.236015 0.817381 0.408605 0.098601 0.070813 0.070813 0.070813 0.078881
0.472057 0.692287 0.880814 1.222327 0.933772 0.607391 0.469224 0.416660 0.557105 0.812487
0.735228 0.611432 0.547052 0.751980 0.895395 0.905955 0.991306 1.163652 1.183941 1.024743
0.783611 0.656297 0.572938 0.685033 0.615598 0.500278 0.853545 0.905525 0.735026 0.711082
0.666327 0.633720 0.522460 0.692661 0.619371 0.683339 0.692532 0.842003 0.915898 0.878573
0.472057 0.692287 0.745276 0.612001 0.627936 0.676993 0.801123 0.884382 0.912392 0.617299
0.735228 0.611432 0.547052 0.619856 0.703250 0.470392 0.677931 0.859433 0.669200 0.455073
0.783611 0.656297 0.572938 0.685033 0.615598 0.500278 0.731537 0.690483 0.580602 0.711082
0.666327 0.633720 0.522460 0.692661 0.619371 0.683339 0.692532 0.842003 0.915898 0.878573
0.472057 0.692287 0.745276 0.612001 0.627936 0.676993 0.801123 0.884382 0.912392 0.617299
0.735228 0.611432 0.547052 0.619856 0.703250 0.470392 0.677931 0.859433 0.669200 0.455073
0.783611 0.656297 0.572938 0.685033 0.615598 0.500278 0.731537 0.690483 0.580602 0.711082
0.666327 0.633720 0.522460 0.692661 0.619371 0.683339 0.692532 0.842003 0.915898 0.878573
0.472057 0.692287 0.745276 0.612001 0.627936 0.676993 0.801123 0.884382 0.912392 0.617299
0.735228 0.611432 0.547052 0.619856 0.703250 0.470392 0.677931 0.859433 0.669200 0.455073
0.783611 0.656297 0.572938 0.685033 0.615598 0.500278 0.731537 0.690483 0.580602 0.711082
0.666327 0.633720 0.522460 0.692661 0.619371 0.683339 0.692532 0.842003 0.915898 0.878573
0.472057 0.692287 0.745276 0.612001 0.627936 0.676993 0.801123 0.884382 0.912392 0.617299
0.648573 0.582503 0.579606 0.619358 0.604415 0.526265 0.703721 0.919102 0.641747 0.608169
0.548006 0.606886 0.544593 0.620381 0.669801 0.706948 0.759842 0.819531 1.009696 0.829641
0.472057 0.692287 0.745276 0.612001 0.627936 0.676993 0.801123 0.884382 0.912392 0.617299
0.782712 0.558804 0.527943 0.609967 0.604446 0.437418 0.593583 0.953333 0.658438 0.519815
